11111111111111111111111111111
11111111111111111111111111111
11111111111113111111111111111
11111111111111111111111131111
11111111111111111111111111111
11111113111111111111111111111
11111111111111111113111111111
11111111111122211111111111111
11131111111121211111111111111
11111111122221222221111111111
11111111121111111121111111111
11111111121111111121111111111
22222222221111111121111111111
11111111111111111122222222225
11111111111111111111111111111
11111111111111111111111111111
11111111111111111111111111111
11111111111111111111111111111